%% Figur 1
Figur1A=[   0, 1, 0, 1; 
            1, 0, 1, 0; 
            0, 1, 0, 1; 
            1, 0, 1, 0];

Figur1B=[   0, 1, 0, 1; 
            0, 0, 1, 0; 
            0, 0, 0, 1; 
            1, 0, 0, 0];

Figur1C=[   0, 1, 0, 0; 
            0, 0, 1, 0; 
            0, 0, 0, 1; 
            0, 0, 0, 0];
Figur1D=[   0, 1, 0, 0;
            0, 0, 1, 0; 
            0, 0, 0, 0; 
            0, 0, 1, 0];
MeinungenF1={-0.8;0.4;-0.2;0.8};