%% Hier wird eine Matrix Definiert welche ein stark verbunden ist und nur einen isolierenden Block Besitzt (Knoten 7, 11, 12)
IsoBlock=[0, 1, 0, 0, 1, 0, 0, 0, 0, 1, 0, 0;
    1, 0, 0, 0, 0, 0, 0, 1, 1, 1, 0, 0;
    0, 1, 0, 0, 0, 1, 0, 1, 0, 1, 0, 0;
    0, 0, 1, 0, 1, 1, 0, 1, 0, 0, 0, 0;
    0, 1, 1, 0, 0, 0, 0, 1, 0, 1, 0, 0;
    0, 0, 1, 0, 1, 0, 1, 0, 0, 1, 0, 0;
    0, 0, 0, 0, 0, 0, 0, 0, 0, 0, 1, 1;
    0, 1, 0, 0, 1, 0, 1, 0, 1, 1, 0, 0;
    1, 0, 1, 0, 0, 1, 1, 0, 0, 1, 0, 0;
    1, 0, 0, 0, 1, 0, 1, 0, 0, 0, 0, 0;
    0, 0, 0, 0, 0, 0, 1, 0, 0, 0, 0, 1;
    0, 0, 0, 0, 0, 0, 1, 0, 0, 0, 0, 0];
MeinungenIB={0;0;0;1;0;0;0;0;-1;-1;-1;0};
